0.000000000000000000e+00 0.000000000000000000e+00 0.000000000000000000e+00 0.000000000000000000e+00 0.000000000000000000e+00 0.000000000000000000e+00 0.000000000000000000e+00 0.000000000000000000e+00 0.000000000000000000e+00 2.165715210731504055e-13 0.000000000000000000e+00
7.565067857773358995e+00 5.533402769796706089e+00 3.915312823161226419e+00 2.865602363841492473e+00 2.215631807827002309e+00 1.793936921832372189e+00 1.503263137181587439e+00 1.292228549404252025e+00 1.132550767401163672e+00 1.007713541845659533e+00 9.075214876509399842e-01
1.200879667564024444e+01 9.416288824485718578e+00 7.162245580200735873e+00 5.483565150907336871e+00 4.332069024556878034e+00 3.542979172655948972e+00 2.983818873762915658e+00 2.571887530364757701e+00 2.257626296855123282e+00 2.010718918281868106e+00 1.811936312307825814e+00
1.573597527124428730e+01 1.275355881423722160e+01 1.006649423607708549e+01 7.928238959227178917e+00 6.366622435220784304e+00 5.251778668890958457e+00 4.443133622471742150e+00 3.839509082479863444e+00 3.375443613617181260e+00 3.009113526562630536e+00 2.713291764916035742e+00
1.906277647578354006e+01 1.577124508387564461e+01 1.274635326829644910e+01 1.024153642312733403e+01 8.331853307619638827e+00 6.924192415225078001e+00 5.882513271190157766e+00 5.095586537779288605e+00 4.486208782528535721e+00 4.002991237288151538e+00 3.611633871232607262e+00
2.212039260691330966e+01 1.856847261208860900e+01 1.526229607545581324e+01 1.245008206667049144e+01 1.023724731165112445e+01 8.563464003328714824e+00 7.303127240173034274e+00 6.340578353071462558e+00 5.590117684247522867e+00 4.992442574541368749e+00 4.507007439763099477e+00
2.497930369931875916e+01 2.120015411296937557e+01 1.765064281647495648e+01 1.457215026817113923e+01 1.209019333659427176e+01 1.017235463481518565e+01 8.706028051543693635e+00 7.574911539461657739e+00 6.687356721498804113e+00 5.977554884244336009e+00 5.399456107364039248e+00
2.768289600866129874e+01 2.370080016444608617e+01 1.993542419302900370e+01 1.662098713249068993e+01 1.389659178403103645e+01 1.175323990873047286e+01 1.009216739868413093e+01 8.798984665867823907e+00 7.778103462943079194e+00 6.958412491667592903e+00 6.289022382649402054e+00
3.026027143109343598e+01 2.609391690547161602e+01 2.213361107918682436e+01 1.860659175575220203e+01 1.566125129264490567e+01 1.330818276155763513e+01 1.146240945536596989e+01 1.001317049981893348e+01 8.862527231308009235e+00 7.935096848940265346e+00 7.175747687329488755e+00
3.273214760166004567e+01 2.839644058940169558e+01 2.425776677812968529e+01 2.053675310603384574e+01 1.738815784183771385e+01 1.483898940583402926e+01 1.281754198589939620e+01 1.121781833796661587e+01 9.940789641600273896e+00 8.907686673329083149e+00 8.059672395602415662e+00
3.511393449416377166e+01 3.062109230095294166e+01 2.631752989263420162e+01 2.241769253121528394e+01 1.908066333605599141e+01 1.634725289848227092e+01 1.415828568706414536e+01 1.241325606998277564e+01 1.101304509450939584e+01 9.876258076987724621e+00 8.940835871709204241e+00
